40 20
+150 150
0 0 6 10 0 0 0 0 0 0 0 0 0 0 0 0 0 0 0 0 0 0 0 0 0 0 0 0 0 0 0 0 0 0 0 0 0 0 0 0 
0 0 9 8 10 0 0 0 0 0 0 0 0 0 0 0 0 0 0 0 0 0 0 0 0 0 0 0 0 0 0 0 0 0 0 0 0 0 0 0 
0 0 0 0 0 10 0 0 0 0 0 0 0 0 0 0 0 0 0 0 0 0 0 0 0 0 0 0 0 0 0 0 0 0 0 0 0 0 0 0 
0 0 0 0 0 0 10 0 0 0 0 0 0 0 0 0 0 0 11 0 0 0 0 0 0 0 0 0 0 0 0 0 0 0 0 0 0 0 0 0 
0 0 0 0 0 0 0 10 0 0 0 0 0 0 0 0 0 0 0 11 0 0 0 0 0 0 0 11 0 0 0 0 0 0 0 0 0 0 0 0 
0 0 0 0 0 0 0 0 10 0 0 0 0 0 0 0 0 0 0 0 11 0 0 0 0 0 11 0 11 0 0 0 0 0 0 0 0 0 0 0 
0 0 0 0 0 0 0 0 0 10 0 0 0 0 0 11 0 0 0 11 0 11 0 0 0 11 0 0 0 11 0 0 0 0 0 0 0 0 0 0 
0 0 0 0 0 0 0 0 10 0 0 0 0 0 11 0 11 0 0 0 11 0 11 0 11 0 0 0 0 0 11 0 0 0 0 0 0 0 0 0 
0 0 0 0 0 0 0 10 0 0 0 0 0 11 0 0 0 11 0 0 0 11 0 11 0 0 0 0 0 0 0 11 0 0 0 0 0 0 0 0 
0 0 0 0 0 0 10 0 0 0 0 0 11 0 0 0 0 11 11 0 0 0 11 0 11 0 0 0 0 0 0 0 11 0 0 0 0 0 0 0 
0 0 0 0 0 0 0 10 0 0 0 10 0 11 0 0 0 11 0 11 0 11 0 0 0 11 0 0 0 0 0 0 11 0 0 0 0 0 0 0 
0 0 0 0 0 0 0 0 10 10 10 0 0 0 11 11 11 0 11 11 11 0 0 0 0 0 11 0 0 0 0 11 0 0 0 0 0 0 0 0 
0 0 0 0 0 0 0 0 0 0 0 0 0 0 0 11 11 11 11 11 0 0 0 0 0 0 0 11 11 11 11 0 0 0 0 0 0 0 0 0 
0 0 0 0 0 0 0 0 0 0 0 0 0 0 11 0 0 0 11 0 11 0 0 0 0 0 0 0 0 0 0 0 0 0 0 0 0 0 0 0 
0 0 0 0 0 0 0 0 0 0 0 0 0 0 11 0 0 0 0 11 0 11 0 0 0 0 0 0 0 0 0 0 0 0 0 0 0 0 0 0 
0 0 0 0 0 0 0 0 0 0 0 0 0 0 0 11 0 0 11 0 11 0 11 0 0 0 0 0 0 0 0 0 0 0 0 0 0 0 0 0 
0 0 0 0 0 0 0 0 0 0 0 0 0 0 0 0 11 11 0 0 11 0 0 11 0 0 0 0 0 0 0 0 0 0 0 0 0 0 0 0 
0 0 0 0 0 0 0 0 0 0 0 0 0 0 0 0 0 0 0 0 11 0 0 0 11 0 0 0 0 0 0 0 0 0 0 0 0 0 0 0 
0 0 0 0 0 0 0 0 0 0 0 0 0 0 0 0 0 0 0 0 0 11 11 11 0 0 0 0 0 0 0 0 0 0 0 0 0 0 0 0 
0 0 0 0 0 0 0 0 0 0 0 0 0 0 0 0 0 0 0 0 0 0 0 0 0 0 0 0 0 0 0 0 0 0 0 0 0 0 0 0 
