40 20
+90 450
19 15 15 15 15 15 15 15 15 15 15 15 15 15 15 15 15 15 15 15 15 15 15 15 15 15 15 15 15 15 15 15 15 15 15 15 15 15 15 18 
16 14 13 13 13 13 13 13 13 13 13 13 13 13 13 13 13 13 13 13 13 13 13 13 13 13 13 13 13 13 13 13 13 13 13 13 13 13 16 14 
16 14 0 0 0 0 0 0 0 0 0 0 0 0 0 0 0 0 0 0 0 37 0 0 0 0 0 37 37 37 0 0 0 0 37 37 0 0 16 14 
16 14 0 0 0 0 0 0 0 0 0 0 0 0 0 0 0 0 0 0 0 0 0 0 0 0 0 0 0 0 0 0 0 0 0 0 0 0 16 14 
16 14 0 0 6 7 0 0 0 0 6 7 0 0 0 11 11 0 0 0 0 0 0 0 37 37 0 0 0 0 0 37 37 0 0 0 0 0 16 14 
16 14 0 0 9 8 0 0 0 37 9 8 0 0 0 11 11 0 0 0 0 0 0 19 15 15 15 15 15 15 15 15 15 15 15 18 2 3 16 14 
16 14 33 34 19 18 33 34 39 39 19 18 0 33 34 19 18 33 34 0 0 0 0 16 1 1 1 1 1 1 1 1 1 1 1 14 5 4 16 14 
16 14 36 35 20 17 36 35 39 39 20 17 0 36 35 20 17 36 35 0 0 33 34 16 1 1 1 1 1 1 1 1 1 19 15 15 15 15 16 14 
16 14 0 0 6 7 0 0 0 0 37 11 0 0 0 11 11 0 37 0 0 36 35 16 1 1 1 1 1 1 1 1 1 20 13 13 13 13 16 14 
16 14 0 0 9 8 0 0 0 0 11 11 0 0 0 11 11 0 0 0 0 33 34 16 1 1 1 1 1 1 1 1 1 1 1 1 1 12 16 14 
16 14 0 0 0 0 0 0 0 0 0 0 0 0 0 6 7 0 0 0 0 36 35 16 1 1 1 1 1 1 1 1 1 19 15 15 15 15 16 14 
16 14 0 0 0 0 0 11 37 0 0 0 0 0 0 9 8 0 0 0 0 33 34 16 1 1 1 1 1 1 1 1 1 20 13 13 13 13 16 14 
16 14 0 0 0 0 0 11 37 0 0 0 0 33 34 19 18 33 34 0 0 36 35 16 1 1 1 1 1 1 1 1 1 1 1 14 2 3 16 14 
16 14 0 0 0 33 34 19 18 29 30 0 0 36 35 20 17 36 35 0 0 0 0 20 13 13 13 13 13 13 13 13 13 13 13 17 5 4 16 14 
16 14 0 0 0 36 35 20 17 32 31 0 0 0 0 6 7 0 0 0 0 0 0 0 6 7 0 0 0 0 0 0 6 7 0 0 0 0 16 14 
16 14 0 0 0 0 0 6 7 0 0 0 0 0 0 9 8 0 0 0 0 0 0 0 9 8 0 0 0 0 0 0 9 8 0 0 0 0 16 14 
16 14 0 0 0 0 0 9 8 0 0 0 0 0 0 37 0 0 6 7 6 7 0 0 0 0 0 0 6 7 0 0 0 0 0 0 6 7 16 14 
16 14 0 0 0 0 0 37 37 0 0 0 0 0 0 0 0 0 9 8 9 8 0 0 0 0 0 0 9 8 0 0 0 0 0 0 9 8 16 14 
16 14 15 15 15 15 15 15 15 15 15 15 15 15 15 15 15 15 15 15 15 15 15 15 15 15 15 15 15 15 15 15 15 15 15 15 15 15 16 14 
20 13 13 13 13 13 13 13 13 13 13 13 13 13 13 13 13 13 13 13 13 13 13 13 13 13 13 13 13 13 13 13 13 13 13 13 13 13 13 17 
