40 20
+240 240
19 15 18 13 13 13 13 13 13 13 13 13 13 13 13 13 13 13 13 13 13 13 13 13 13 13 13 13 19 15 15 15 15 15 15 15 15 15 15 18 
16 1 14 0 0 38 38 38 38 38 37 38 38 38 38 38 38 38 38 38 38 38 38 38 0 0 0 0 20 13 13 13 13 13 13 13 13 13 1 14 
16 1 14 0 10 0 0 0 0 0 1 0 0 0 0 0 0 0 0 0 0 0 0 0 11 0 0 0 0 0 0 0 0 0 10 11 0 0 16 14 
16 1 14 0 10 0 19 18 0 0 37 0 39 19 15 15 15 15 15 18 39 39 39 19 18 0 0 0 0 0 0 0 0 0 10 11 0 0 16 14 
16 1 14 0 10 0 16 14 0 0 1 11 0 16 1 1 12 1 1 14 0 11 0 16 14 0 0 39 39 39 19 18 37 37 37 37 0 0 16 14 
16 1 14 0 10 0 16 14 0 0 37 11 0 16 1 1 1 17 1 14 0 11 0 16 14 0 10 0 11 0 16 14 0 0 10 11 0 0 16 14 
16 1 14 0 10 0 16 14 0 0 1 11 0 16 1 1 1 1 17 14 15 15 15 15 18 0 10 0 11 0 16 14 0 0 10 11 0 0 16 14 
16 1 14 0 10 0 16 14 0 0 37 11 0 20 13 13 13 13 13 17 13 13 13 13 17 0 10 0 11 0 16 14 0 0 10 11 0 0 16 14 
16 1 14 0 10 0 16 14 0 0 1 11 0 0 6 7 6 7 6 7 2 3 0 16 14 0 10 0 11 19 1 14 0 0 10 37 37 37 16 14 
16 1 14 0 10 0 16 14 0 0 37 11 0 0 9 8 9 8 9 8 5 4 37 16 14 0 10 0 19 1 1 14 0 0 10 11 0 0 16 14 
16 1 14 0 10 0 16 14 15 15 15 18 0 0 0 0 0 0 0 0 0 0 0 16 14 0 10 0 16 1 1 14 0 0 10 11 0 0 16 14 
16 1 14 0 10 0 16 14 1 1 1 14 0 0 0 0 0 0 0 0 0 0 0 16 14 0 10 0 16 12 1 14 0 0 10 11 0 0 16 14 
20 13 17 0 10 0 16 1 15 15 15 19 15 19 18 15 15 15 15 15 15 15 19 18 14 0 10 0 20 13 1 14 37 37 37 37 0 0 16 14 
14 37 0 39 0 0 20 13 13 13 13 16 1 20 17 1 13 13 13 13 13 1 20 17 14 0 10 0 29 30 16 14 0 0 10 11 0 0 16 14 
14 11 0 0 0 0 0 0 0 0 0 16 1 1 1 17 0 0 0 0 0 20 1 1 14 0 10 0 32 31 16 14 0 0 10 11 0 37 16 14 
14 11 38 38 38 38 38 38 38 37 38 20 13 13 17 0 0 0 0 0 0 0 20 13 17 0 10 0 0 0 16 14 37 37 37 11 0 0 16 14 
14 11 0 0 0 0 0 0 0 0 0 0 0 0 0 0 0 0 37 0 0 0 0 0 0 0 10 0 29 30 16 14 21 22 10 11 0 0 16 14 
14 37 0 0 0 0 0 0 0 0 0 0 0 0 0 0 0 37 10 37 0 0 0 0 0 0 10 0 32 31 16 14 24 23 10 11 0 37 16 14 
19 15 15 15 15 15 15 15 15 15 15 15 15 15 15 15 15 15 15 15 15 15 15 15 18 0 10 0 19 15 19 18 15 15 15 15 15 15 1 14 
20 13 13 13 13 13 13 13 13 13 13 13 13 13 13 13 13 13 13 13 13 13 13 13 17 37 37 37 20 13 20 17 13 13 13 13 13 13 13 17 
