40 20
+60 330
19 15 15 15 15 15 15 15 15 15 15 15 15 15 15 15 15 15 15 15 15 15 15 15 15 15 15 15 15 15 15 15 15 15 15 15 15 15 15 18 
16 19 18 13 13 13 13 13 13 13 13 13 13 13 13 13 13 13 13 13 13 13 13 13 13 13 13 13 13 13 13 13 13 13 13 13 13 19 18 14 
16 20 17 37 0 0 0 0 0 0 0 0 0 11 0 37 10 0 0 16 1 1 1 14 0 25 26 0 25 26 0 6 7 0 6 7 0 20 17 14 
16 14 33 34 0 0 0 0 39 39 39 39 39 11 0 0 37 0 0 16 1 1 1 14 37 28 27 37 28 27 37 9 8 37 9 8 0 0 16 14 
16 14 36 35 0 0 0 11 0 0 0 0 0 11 0 0 10 37 0 16 1 1 1 14 0 0 0 0 0 0 0 0 0 0 0 0 0 0 16 14 
16 14 33 34 0 0 11 0 0 0 19 15 18 11 0 0 10 37 0 16 1 1 1 14 0 0 0 0 0 0 0 0 0 0 0 0 0 0 16 14 
16 14 36 35 0 0 11 0 0 19 19 1 18 18 0 0 10 0 37 16 1 1 1 14 0 0 0 0 0 0 0 0 0 0 0 0 0 0 16 14 
16 14 33 34 0 0 11 0 0 16 1 12 1 14 0 0 10 0 37 16 1 1 1 14 0 0 0 0 0 33 34 33 34 0 0 0 0 0 16 14 
16 14 36 35 0 0 11 0 0 16 20 1 17 14 0 0 10 0 0 16 1 1 1 14 0 0 0 0 0 36 35 36 35 0 0 0 0 0 16 14 
16 14 33 34 0 0 11 0 0 16 1 1 1 14 0 0 10 0 0 16 1 1 1 14 0 0 0 0 0 33 34 33 34 0 0 0 0 0 16 14 
16 14 36 35 0 0 11 0 0 16 1 1 1 14 0 0 10 0 0 16 1 1 1 14 0 0 0 0 0 36 35 36 35 0 0 0 0 0 16 14 
16 14 0 0 0 0 11 0 0 16 1 1 1 14 0 0 10 0 0 16 1 1 1 14 0 0 0 0 0 33 34 33 34 0 0 0 0 0 16 14 
16 14 0 0 0 0 11 0 0 16 1 1 1 14 0 0 10 0 0 16 19 1 18 14 0 0 0 0 0 36 35 36 35 0 0 0 37 37 16 14 
16 14 33 34 0 0 11 0 0 16 1 1 1 14 0 0 10 0 0 16 1 12 1 14 0 0 0 0 0 33 34 33 34 0 0 37 11 10 16 14 
16 14 36 35 0 0 11 0 0 16 1 1 1 14 0 0 10 0 0 20 20 1 17 17 0 0 0 0 0 36 35 36 35 0 0 37 10 11 16 14 
16 14 33 34 0 0 11 0 0 16 1 1 1 14 0 0 10 0 0 11 20 13 17 0 0 0 0 0 37 21 22 29 30 0 0 0 37 37 16 14 
16 14 36 35 0 0 11 0 0 16 1 1 1 14 0 0 10 0 0 11 0 0 0 0 0 0 0 0 37 24 23 32 31 0 0 0 0 0 16 14 
16 19 18 37 0 0 11 0 0 16 1 1 1 14 0 0 10 0 0 11 0 0 0 0 0 0 0 0 0 19 15 15 18 0 0 0 0 19 18 14 
16 20 17 15 15 15 15 15 15 15 15 15 15 15 15 15 15 15 15 15 15 15 15 15 15 15 15 15 15 15 15 15 15 15 15 15 15 20 17 14 
20 13 13 13 13 13 13 13 13 13 13 13 13 13 13 13 13 13 13 13 13 13 13 13 13 13 13 13 13 13 13 13 13 13 13 13 13 13 13 17 
