40 20
+950 30
13 13 13 13 13 13 13 13 13 13 13 13 13 13 13 13 13 13 13 13 13 13 13 13 13 13 13 13 13 13 13 13 13 13 13 13 13 13 13 13 
14 0 0 11 0 0 0 0 0 0 0 0 0 0 0 0 0 0 0 0 0 0 0 0 0 0 0 0 0 0 0 0 0 0 0 0 0 0 0 16 
14 0 0 11 0 0 0 0 0 0 0 0 0 0 0 0 0 0 0 0 0 0 0 0 0 0 0 0 0 0 0 0 0 0 0 0 0 0 0 16 
14 18 0 11 0 19 15 15 15 15 15 15 15 15 15 15 15 15 15 15 15 15 15 15 15 15 15 15 15 15 15 15 15 15 15 15 15 15 15 16 
14 17 38 0 0 20 13 13 13 13 13 13 13 13 13 13 13 13 13 13 13 13 13 13 13 13 13 13 13 13 13 13 13 13 13 13 13 13 13 16 
14 0 0 0 0 0 0 0 0 0 37 0 33 34 33 34 33 34 33 34 0 37 33 34 33 34 33 34 33 34 0 37 0 0 0 33 34 33 34 16 
14 0 0 0 0 0 0 0 0 0 0 37 36 35 36 35 36 35 36 35 0 37 36 35 36 35 36 35 36 35 0 0 37 0 0 36 35 36 35 16 
14 38 38 38 38 38 38 38 38 38 37 38 38 38 38 38 38 38 38 38 37 38 38 38 38 38 38 38 38 38 38 37 38 38 38 38 38 38 38 16 
14 0 0 0 33 34 0 0 0 0 0 37 0 0 0 0 0 0 0 0 0 37 0 0 0 0 0 0 0 0 0 37 0 0 0 0 0 0 0 16 
14 0 0 0 36 35 0 0 0 0 0 37 0 0 0 0 0 0 0 0 0 37 0 0 0 0 0 0 0 0 37 0 0 0 0 0 0 0 0 16 
14 0 0 0 19 15 18 0 0 19 15 18 0 0 19 15 18 0 0 19 15 18 0 0 19 15 18 0 0 19 15 18 0 0 19 15 18 0 0 16 
14 0 0 37 16 12 14 0 0 16 12 14 0 0 16 12 14 0 0 16 12 14 0 0 16 12 14 0 0 16 12 14 0 0 16 12 14 0 0 16 
14 0 0 0 20 13 17 0 0 20 13 17 0 0 20 13 17 0 0 20 13 17 0 0 20 13 17 0 0 20 13 17 0 0 20 13 17 0 0 16 
14 0 0 0 0 37 0 0 0 0 33 34 0 0 0 0 37 0 0 0 0 0 0 0 0 37 0 0 0 0 0 0 0 0 37 0 0 0 0 16 
14 0 0 0 0 0 37 0 0 0 36 35 0 0 0 0 37 0 0 0 0 0 0 0 0 0 37 0 0 0 0 0 0 0 37 0 0 0 0 16 
14 0 0 0 0 0 37 0 0 0 0 0 0 0 0 37 0 0 0 0 0 0 0 0 0 0 37 0 0 0 0 0 0 0 37 0 0 6 7 16 
14 38 38 38 38 38 37 38 38 38 38 38 38 38 38 38 37 38 38 38 38 38 38 38 38 38 37 38 38 38 38 38 38 38 37 38 38 9 8 16 
14 25 26 6 7 0 0 37 33 34 33 34 33 34 33 34 0 37 0 33 34 33 34 33 34 0 0 37 0 33 34 33 34 0 37 0 0 2 3 16 
14 28 27 9 8 0 0 37 36 35 36 35 36 35 36 35 0 37 0 36 35 36 35 36 35 0 37 0 0 36 35 36 35 0 37 0 0 5 4 16 
15 15 15 15 15 15 15 15 15 15 15 15 15 15 15 15 15 15 15 15 15 15 15 15 15 15 15 15 15 15 15 15 15 15 15 15 15 15 15 15 
