40 20
+30 240
20 13 13 13 13 13 1 1 1 1 1 1 1 1 1 1 1 1 1 1 1 1 1 1 1 1 1 1 1 1 1 1 1 1 1 1 1 1 1 14 
37 25 26 0 25 26 20 1 1 1 1 1 1 1 1 1 1 1 1 1 1 1 1 1 1 1 1 1 1 1 1 1 1 1 1 1 1 1 1 14 
37 28 27 0 28 27 0 20 1 1 1 1 1 1 1 1 1 1 1 1 1 1 1 1 1 1 1 1 1 1 1 1 1 1 1 1 1 1 1 14 
39 39 39 39 39 39 39 39 20 13 13 13 13 13 13 13 13 13 13 13 13 13 13 13 13 13 13 13 13 13 13 13 13 13 13 13 13 13 13 17 
37 0 0 0 0 0 0 37 0 0 0 0 0 0 0 0 0 0 0 0 0 0 0 33 34 33 34 33 34 21 22 33 34 21 22 33 34 0 0 37 
37 0 0 0 6 7 0 37 0 0 0 0 0 0 0 0 0 0 0 0 0 0 0 36 35 36 35 36 35 24 23 36 35 24 23 36 35 0 0 37 
39 39 39 39 9 8 39 39 39 39 39 39 39 39 39 39 39 39 39 39 39 39 39 39 39 39 39 39 39 39 39 39 39 39 39 39 39 39 39 39 
37 0 0 0 0 0 0 0 0 0 0 0 0 0 0 0 0 0 0 0 37 0 0 0 0 0 0 0 0 0 0 37 0 6 7 0 0 0 0 37 
37 0 0 0 0 0 0 0 0 0 0 0 0 0 0 0 0 0 0 0 0 37 0 0 0 0 0 0 0 0 0 0 37 9 8 0 0 0 0 37 
38 38 38 38 38 38 38 38 38 38 38 38 38 38 38 38 38 38 38 38 38 38 38 38 38 38 38 38 38 38 38 38 38 38 38 38 38 38 38 38 
37 0 0 0 0 33 34 0 0 0 33 34 0 0 33 34 0 0 0 0 0 0 33 34 0 0 0 0 0 0 0 0 0 0 0 0 0 33 34 37 
37 0 0 0 0 36 35 0 0 0 36 35 0 0 36 35 0 0 0 0 0 0 36 35 0 0 0 0 0 0 0 0 0 0 0 0 0 36 35 37 
39 39 39 39 39 39 39 39 39 39 39 39 39 39 39 39 39 39 39 39 39 39 39 39 39 39 39 39 39 39 39 39 39 39 39 39 39 39 39 39 
37 0 0 33 34 0 0 0 0 0 0 0 0 33 34 0 0 0 0 33 34 0 0 0 0 0 0 0 0 33 34 0 0 0 0 0 33 34 0 37 
37 0 0 36 35 0 0 0 0 0 0 0 0 36 35 0 0 0 0 36 35 0 0 0 0 0 0 0 0 36 35 0 0 0 0 0 36 35 0 37 
19 15 15 15 15 15 15 15 15 15 15 15 15 15 15 15 15 15 15 15 15 15 15 18 39 39 39 39 39 39 39 39 39 39 39 39 39 39 39 39 
16 1 1 1 1 1 1 1 1 1 1 1 1 1 1 1 1 1 1 1 1 1 1 1 18 0 0 33 34 0 33 34 0 33 34 0 33 34 0 37 
16 1 1 1 1 1 1 1 1 1 1 1 1 1 1 1 1 1 1 1 1 1 1 1 1 18 0 36 35 0 36 35 0 36 35 0 36 35 0 37 
16 1 1 1 1 1 1 1 1 1 1 1 1 1 1 1 1 1 1 1 1 1 1 1 1 1 15 15 15 15 15 15 15 15 15 15 15 15 15 18 
20 13 13 13 13 13 13 13 13 13 13 13 13 13 13 13 13 13 13 13 13 13 13 13 13 13 13 13 13 13 13 13 13 13 13 13 13 13 13 17 
