40 20
+90 510
1 13 13 13 13 13 13 13 13 13 13 13 13 13 13 13 13 13 13 13 13 13 13 13 13 13 13 13 13 13 13 13 13 13 13 13 13 13 13 1 
14 25 26 0 0 0 0 0 0 0 0 0 0 0 0 0 0 0 0 0 0 0 0 0 0 0 0 0 0 0 0 0 0 0 0 0 0 0 0 16 
14 28 27 0 0 0 0 0 0 0 0 0 0 0 0 0 0 0 0 0 0 0 0 0 0 0 0 0 0 0 0 0 0 0 0 0 0 2 3 16 
14 0 0 0 0 0 0 0 0 0 0 0 0 0 0 0 0 0 0 0 0 0 0 0 0 0 0 0 0 0 0 0 0 0 0 0 0 5 4 16 
14 0 0 0 0 0 0 0 0 0 0 0 0 0 0 0 0 0 0 0 0 0 0 0 0 0 0 0 0 0 0 0 0 0 0 0 0 0 0 16 
14 0 0 0 0 0 0 0 0 0 0 0 0 0 0 0 0 0 0 0 0 0 0 0 0 39 39 39 0 0 0 0 0 0 0 0 0 0 0 16 
14 0 0 0 0 0 0 39 39 0 0 0 0 0 0 0 0 0 0 0 25 26 0 0 11 0 0 0 11 0 0 0 0 0 0 0 0 0 0 16 
14 0 0 0 0 0 11 0 0 11 0 0 0 0 0 0 0 0 0 0 28 27 0 0 0 0 0 39 0 0 0 0 0 0 0 0 0 0 0 16 
14 0 0 0 0 0 11 39 39 0 0 0 0 0 0 0 0 29 30 19 15 18 0 0 0 0 11 0 0 0 0 0 0 0 0 0 0 0 0 16 
14 0 0 38 0 0 11 0 0 0 0 38 0 0 0 0 0 32 31 16 12 14 29 30 0 0 11 0 0 0 0 0 0 0 0 0 0 0 0 16 
14 0 0 0 0 0 11 0 0 0 0 0 0 0 0 0 0 0 0 20 13 17 32 31 0 0 0 0 0 0 0 0 0 0 0 0 0 0 0 16 
14 0 0 0 0 0 11 0 0 0 0 0 0 0 0 0 0 0 0 25 26 0 0 0 0 0 11 0 0 0 0 0 0 0 0 0 0 0 0 16 
14 0 0 0 0 0 0 0 0 0 0 0 0 0 0 0 0 0 0 28 27 0 0 0 0 0 0 0 0 0 0 0 0 0 0 0 0 0 0 16 
14 0 0 0 0 0 0 0 0 0 0 0 0 0 0 0 0 0 0 0 0 0 0 0 0 0 0 0 0 0 0 0 0 0 0 0 0 0 0 16 
14 0 0 0 0 0 0 0 0 0 0 0 0 0 0 0 0 0 0 0 0 0 0 0 0 0 0 0 0 0 0 0 0 0 0 0 0 0 0 16 
14 0 0 0 0 0 0 0 0 0 0 0 0 0 0 0 0 0 0 0 0 0 0 0 0 0 0 0 0 0 0 0 0 0 0 0 0 0 0 16 
14 0 0 0 0 0 0 0 0 0 0 0 0 0 0 0 0 0 0 0 0 0 0 0 0 0 0 0 0 0 0 0 0 0 0 0 0 0 0 16 
14 25 26 0 0 0 0 0 0 0 0 0 0 0 0 0 0 0 0 0 0 0 0 0 0 0 0 0 0 0 0 0 0 0 0 0 0 29 30 16 
14 28 27 0 0 0 0 0 0 0 0 0 0 0 0 0 0 0 0 0 0 0 0 0 0 0 0 0 0 0 0 0 0 0 0 0 0 32 31 16 
1 15 15 15 15 15 15 15 15 15 15 15 15 15 15 15 15 15 15 15 15 15 15 15 15 15 15 15 15 15 15 15 15 15 15 15 15 15 15 1 
