40 20
+330 480
19 15 15 15 15 18 0 0 0 0 20 17 37 37 11 37 37 0 0 19 15 15 15 15 15 15 15 15 15 15 15 15 15 15 15 15 15 15 15 18 
16 1 1 1 1 14 0 0 37 37 0 10 0 0 11 0 0 37 37 20 13 13 13 13 13 13 13 13 13 13 13 13 13 13 13 13 13 13 13 17 
16 1 1 1 1 14 0 37 0 0 0 10 0 0 11 0 0 0 0 0 33 34 33 34 0 0 0 0 21 22 33 34 0 0 0 0 33 34 16 14 
16 1 1 1 19 15 18 0 0 0 0 10 0 0 11 0 0 0 0 0 36 35 36 35 0 0 0 0 24 23 36 35 0 0 0 0 36 35 16 14 
16 1 1 1 16 12 14 0 0 0 0 10 0 19 15 18 0 0 0 0 33 34 33 34 0 0 0 0 33 34 33 34 0 0 0 0 33 34 16 14 
16 1 1 1 20 13 17 19 15 18 0 10 0 16 12 14 0 0 0 0 36 35 36 35 0 0 0 0 36 35 36 35 0 0 0 0 36 35 16 14 
16 1 1 1 1 1 14 20 13 17 0 10 0 16 1 14 0 0 0 0 33 34 33 34 0 0 0 0 33 34 33 34 0 0 0 0 33 34 16 14 
16 1 1 1 1 1 14 0 0 0 0 10 0 16 1 14 0 0 0 0 36 35 36 35 0 0 0 0 36 35 36 35 0 0 0 0 36 35 16 14 
16 1 1 1 1 1 14 29 30 0 0 10 0 16 1 14 0 0 0 0 33 34 33 34 0 0 0 0 33 34 33 34 0 0 0 0 33 34 16 14 
16 1 1 1 1 1 14 32 31 0 0 10 0 16 1 14 0 0 0 0 36 35 36 35 0 0 0 0 36 35 36 35 0 0 0 0 36 35 16 14 
16 1 1 1 1 1 14 0 0 0 0 10 0 16 1 14 0 0 0 0 33 34 33 34 0 0 0 0 33 34 33 34 0 0 0 0 21 22 16 14 
16 1 1 1 1 1 14 19 15 18 0 10 0 16 1 14 0 0 0 0 36 35 36 35 0 0 0 0 36 35 36 35 0 0 0 0 24 23 16 14 
16 1 1 1 19 15 18 20 13 17 0 10 0 16 1 14 0 0 0 0 33 34 33 34 0 0 0 0 33 34 33 34 0 0 0 0 33 34 16 14 
16 1 1 1 16 12 14 1 1 14 0 10 0 16 1 14 0 0 0 0 36 35 36 35 0 0 0 0 36 35 36 35 0 0 0 0 36 35 16 14 
16 1 1 1 20 13 17 1 1 14 0 10 0 16 1 14 0 0 0 0 33 34 33 34 0 0 0 0 33 34 33 34 0 0 0 0 33 34 16 14 
16 1 1 1 1 1 1 1 1 14 0 10 0 16 1 14 0 0 0 0 36 35 36 35 0 0 0 0 36 35 36 35 0 0 0 0 36 35 16 14 
16 1 1 1 1 1 1 1 1 14 0 10 0 16 1 14 0 0 0 0 0 0 0 0 0 0 0 0 0 0 0 0 0 0 0 0 33 34 16 14 
16 1 1 1 1 1 1 1 1 14 0 10 0 16 1 14 0 0 0 0 0 0 0 0 0 0 0 0 0 0 0 0 0 0 0 0 36 35 16 14 
16 1 1 1 1 1 1 1 1 14 0 10 0 16 1 14 15 15 15 15 15 15 15 15 15 15 15 15 15 15 15 15 15 15 15 15 15 15 16 14 
20 13 13 13 13 13 13 13 13 17 37 37 37 16 1 14 13 13 13 13 13 13 13 13 13 13 13 13 13 13 13 13 13 13 13 13 13 13 20 17 
