40 20
+90 240
14 13 13 13 13 13 13 13 13 13 13 13 13 13 13 13 13 13 13 13 13 13 13 13 13 13 13 13 13 13 13 13 13 13 13 13 13 13 13 16 
14 29 30 0 0 0 0 0 0 0 0 0 0 0 0 0 0 0 0 0 0 0 0 0 0 0 0 0 0 33 34 33 34 0 0 0 0 33 34 16 
14 32 31 0 0 0 0 0 0 0 0 0 0 0 0 0 0 0 0 0 0 0 0 0 0 0 0 0 0 36 35 36 35 0 0 0 0 36 35 16 
14 0 37 0 0 0 0 0 0 0 0 0 0 0 0 0 0 0 0 0 0 0 0 0 0 0 0 0 0 33 34 33 34 0 0 0 0 33 34 16 
14 15 15 15 15 15 15 15 18 0 0 0 0 19 15 15 15 15 18 0 0 0 0 0 0 0 0 0 0 36 35 36 35 0 0 0 0 36 35 16 
14 13 13 13 13 13 13 13 17 0 0 0 0 20 13 13 13 13 17 0 0 0 0 0 0 0 0 0 0 33 34 33 34 0 0 0 0 33 34 16 
14 0 0 0 0 0 0 37 0 0 0 0 0 0 0 0 0 0 37 0 0 0 0 0 0 0 0 0 0 36 35 36 35 0 0 0 0 36 35 16 
14 0 0 0 0 0 0 37 0 0 0 0 0 0 0 0 0 0 37 0 0 0 0 0 0 0 0 0 0 33 34 33 34 0 0 0 0 33 34 16 
14 0 0 0 0 0 0 0 37 0 0 0 0 0 0 0 0 0 0 37 0 0 0 0 0 0 0 0 0 36 35 36 35 0 0 0 0 36 35 16 
14 0 0 0 0 0 0 0 37 0 0 0 0 0 0 0 0 0 0 37 0 0 0 0 0 0 0 0 0 33 34 21 22 0 0 0 0 33 34 16 
14 0 0 0 0 0 0 0 0 19 15 15 15 18 0 0 0 0 0 19 15 15 15 15 18 0 0 0 0 36 35 24 23 0 0 0 0 36 35 16 
14 0 0 0 0 0 0 0 0 20 13 13 13 17 0 0 0 0 0 20 13 13 13 13 17 0 0 0 0 33 34 33 34 0 0 0 0 33 34 16 
14 0 0 0 0 0 0 0 0 0 0 0 0 0 0 0 0 0 0 0 37 0 0 0 0 0 0 0 0 36 35 36 35 0 0 0 0 36 35 16 
14 0 0 0 0 0 0 0 0 0 0 0 0 0 0 0 0 0 0 37 0 0 0 0 0 0 0 0 0 0 0 0 0 0 0 0 0 0 0 16 
14 0 0 0 0 0 0 0 0 0 0 0 0 0 0 0 0 0 0 19 15 15 15 18 0 0 0 0 0 0 0 0 0 0 0 0 0 0 0 16 
14 0 0 0 0 0 0 0 0 0 0 0 0 0 0 0 0 0 0 16 1 1 1 14 0 0 0 0 0 0 0 0 0 0 0 0 0 0 0 16 
14 0 0 0 0 0 0 0 0 0 0 0 0 0 0 0 0 0 0 16 1 12 1 14 0 0 0 0 0 0 0 0 0 0 0 0 0 0 0 16 
14 6 7 6 7 6 7 6 7 6 7 6 7 6 7 6 7 6 7 16 1 1 1 14 37 6 7 6 7 6 7 6 7 6 7 6 7 6 7 16 
14 9 8 9 8 9 8 9 8 9 8 9 8 9 8 9 8 9 8 16 1 1 1 14 0 9 8 9 8 9 8 9 8 9 8 9 8 9 8 16 
14 15 15 15 15 15 15 15 15 15 15 15 15 15 15 15 15 15 15 15 15 15 15 15 15 15 15 15 15 15 15 15 15 15 15 15 15 15 15 16 
